665 
5505 3 
5506 4 
5508 6 
5509 7 
5511 9 
5512 10 
5514 12 
5515 13 
5517 15 
5518 16 
5520 18 
5521 19 
5523 21 
5524 22 
5526 24 
5527 25 
5529 27 
5530 28 
5532 30 
5533 31 
5535 33 
5536 34 
5538 36 
5539 37 
5541 39 
5583 81 
5584 82 
5601 99 
5602 100 
5655 153 
5656 154 
5688 186 
5689 187 
5700 198 
5701 199 
5706 204 
5707 205 
5724 222 
5725 223 
5745 243 
5746 244 
5838 336 
5839 337 
5934 432 
5935 433 
5949 447 
5950 448 
5964 462 
5965 463 
5973 471 
5974 472 
5976 474 
5977 475 
5985 483 
5986 484 
6084 582 
6085 583 
6123 621 
6124 622 
6153 651 
6154 652 
6213 711 
6214 712 
6528 1026 
6529 1027 
6573 1071 
6574 1072 
6582 1080 
6583 1081 
6603 1101 
6604 1102 
6606 1104 
6607 1105 
6771 1269 
6772 1270 
6777 1275 
6778 1276 
6780 1278 
6781 1279 
6846 1344 
6847 1345 
6894 1392 
6895 1393 
6900 1398 
6901 1399 
6978 1476 
6979 1477 
6981 1479 
6982 1480 
6984 1482 
6985 1483 
7029 1527 
7030 1528 
7125 1623 
7126 1624 
7131 1629 
7132 1630 
7170 1668 
7171 1669 
7185 1683 
7186 1684 
7206 1704 
7207 1705 
7236 1734 
7237 1735 
7242 1740 
7243 1741 
7260 1758 
7261 1759 
7266 1764 
7267 1765 
7470 1968 
7471 1969 
7518 2016 
7519 2017 
7602 2100 
7603 2101 
7647 2145 
7648 2146 
10374 4872 
10375 4873 
10494 4992 
10495 4993 
10497 4995 
10498 4996 
10743 5241 
10744 5242 
10827 5325 
10828 5326 
10836 5334 
10837 5335 
10965 5463 
10966 5464 
11007 3 
11008 4 
11010 6 
11011 7 
11013 9 
11014 10 
11016 12 
11017 13 
11019 15 
11020 16 
11022 18 
11023 19 
11025 21 
11026 22 
11028 24 
11029 25 
11031 27 
11032 28 
11034 30 
11035 31 
11037 33 
11038 34 
11040 36 
11041 37 
11043 39 
11085 81 
11086 82 
11103 99 
11104 100 
11157 153 
11158 154 
11190 186 
11191 187 
11202 198 
11203 199 
11208 204 
11209 205 
11226 222 
11227 223 
11247 243 
11248 244 
11340 336 
11341 337 
11436 432 
11437 433 
11451 447 
11452 448 
11466 462 
11467 463 
11475 471 
11476 472 
11478 474 
11479 475 
11487 483 
11488 484 
11586 582 
11587 583 
11625 621 
11626 622 
11655 651 
11656 652 
11715 711 
11716 712 
12030 1026 
12031 1027 
12075 1071 
12076 1072 
12084 1080 
12085 1081 
12105 1101 
12106 1102 
12108 1104 
12109 1105 
12273 1269 
12274 1270 
12279 1275 
12280 1276 
12282 1278 
12283 1279 
12348 1344 
12349 1345 
12396 1392 
12397 1393 
12402 1398 
12403 1399 
12480 1476 
12481 1477 
12483 1479 
12484 1480 
12486 1482 
12487 1483 
12531 1527 
12532 1528 
12627 1623 
12628 1624 
12633 1629 
12634 1630 
12672 1668 
12673 1669 
12687 1683 
12688 1684 
12708 1704 
12709 1705 
12738 1734 
12739 1735 
12744 1740 
12745 1741 
12762 1758 
12763 1759 
12768 1764 
12769 1765 
12972 1968 
12973 1969 
13020 2016 
13021 2017 
13104 2100 
13105 2101 
13149 2145 
13150 2146 
15876 4872 
15877 4873 
15996 4992 
15997 4993 
15999 4995 
16000 4996 
16245 5241 
16246 5242 
16329 5325 
16330 5326 
16338 5334 
16339 5335 
16467 5463 
16468 5464 
16509 3 
16510 4 
16512 6 
16513 7 
16515 9 
16516 10 
16518 12 
16519 13 
16521 15 
16522 16 
16524 18 
16525 19 
16527 21 
16528 22 
16530 24 
16531 25 
16533 27 
16534 28 
16536 30 
16537 31 
16539 33 
16540 34 
16542 36 
16543 37 
16545 39 
16587 81 
16588 82 
16605 99 
16606 100 
16659 153 
16660 154 
16692 186 
16693 187 
16704 198 
16705 199 
16710 204 
16711 205 
16728 222 
16729 223 
16749 243 
16750 244 
16842 336 
16843 337 
16938 432 
16939 433 
16953 447 
16954 448 
16968 462 
16969 463 
16977 471 
16978 472 
16980 474 
16981 475 
16989 483 
16990 484 
17088 582 
17089 583 
17127 621 
17128 622 
17157 651 
17158 652 
17217 711 
17218 712 
17532 1026 
17533 1027 
17577 1071 
17578 1072 
17586 1080 
17587 1081 
17607 1101 
17608 1102 
17610 1104 
17611 1105 
17775 1269 
17776 1270 
17781 1275 
17782 1276 
17784 1278 
17785 1279 
17850 1344 
17851 1345 
17898 1392 
17899 1393 
17904 1398 
17905 1399 
17982 1476 
17983 1477 
17985 1479 
17986 1480 
17988 1482 
17989 1483 
18033 1527 
18034 1528 
18129 1623 
18130 1624 
18135 1629 
18136 1630 
18174 1668 
18175 1669 
18189 1683 
18190 1684 
18210 1704 
18211 1705 
18240 1734 
18241 1735 
18246 1740 
18247 1741 
18264 1758 
18265 1759 
18270 1764 
18271 1765 
18474 1968 
18475 1969 
18522 2016 
18523 2017 
18606 2100 
18607 2101 
18651 2145 
18652 2146 
21378 4872 
21379 4873 
21498 4992 
21499 4993 
21501 4995 
21502 4996 
21747 5241 
21748 5242 
21831 5325 
21832 5326 
21840 5334 
21841 5335 
21969 5463 
21970 5464 
22011 3 
22012 4 
22014 6 
22015 7 
22017 9 
22018 10 
22020 12 
22021 13 
22023 15 
22024 16 
22026 18 
22027 19 
22029 21 
22030 22 
22032 24 
22033 25 
22035 27 
22036 28 
22038 30 
22039 31 
22041 33 
22042 34 
22044 36 
22045 37 
22047 39 
22089 81 
22090 82 
22107 99 
22108 100 
22161 153 
22162 154 
22194 186 
22195 187 
22206 198 
22207 199 
22212 204 
22213 205 
22230 222 
22231 223 
22251 243 
22252 244 
22344 336 
22345 337 
22440 432 
22441 433 
22455 447 
22456 448 
22470 462 
22471 463 
22479 471 
22480 472 
22482 474 
22483 475 
22491 483 
22492 484 
22590 582 
22591 583 
22629 621 
22630 622 
22659 651 
22660 652 
22719 711 
22720 712 
23034 1026 
23035 1027 
23079 1071 
23080 1072 
23088 1080 
23089 1081 
23109 1101 
23110 1102 
23112 1104 
23113 1105 
23277 1269 
23278 1270 
23283 1275 
23284 1276 
23286 1278 
23287 1279 
23352 1344 
23353 1345 
23400 1392 
23401 1393 
23406 1398 
23407 1399 
23484 1476 
23485 1477 
23487 1479 
23488 1480 
23490 1482 
23491 1483 
23535 1527 
23536 1528 
23631 1623 
23632 1624 
23637 1629 
23638 1630 
23676 1668 
23677 1669 
23691 1683 
23692 1684 
23712 1704 
23713 1705 
23742 1734 
23743 1735 
23748 1740 
23749 1741 
23766 1758 
23767 1759 
23772 1764 
23773 1765 
23976 1968 
23977 1969 
24024 2016 
24025 2017 
24108 2100 
24109 2101 
24153 2145 
24154 2146 
26880 4872 
26881 4873 
27000 4992 
27001 4993 
27003 4995 
27004 4996 
27249 5241 
27250 5242 
27333 5325 
27334 5326 
27342 5334 
27343 5335 
27471 5463 
27472 5464 
27513 3 
27514 4 
27516 6 
27517 7 
27519 9 
27520 10 
27522 12 
27523 13 
27525 15 
27526 16 
27528 18 
27529 19 
27531 21 
27532 22 
27534 24 
27535 25 
27537 27 
27538 28 
27540 30 
27541 31 
27543 33 
27544 34 
27546 36 
27547 37 
27549 39 
27591 81 
27592 82 
27609 99 
27610 100 
27663 153 
27664 154 
27696 186 
27697 187 
27708 198 
27709 199 
27714 204 
27715 205 
27732 222 
27733 223 
27753 243 
27754 244 
27846 336 
27847 337 
27942 432 
27943 433 
27957 447 
27958 448 
27972 462 
27973 463 
27981 471 
27982 472 
27984 474 
27985 475 
27993 483 
27994 484 
28092 582 
28093 583 
28131 621 
28132 622 
28161 651 
28162 652 
28221 711 
28222 712 
28536 1026 
28537 1027 
28581 1071 
28582 1072 
28590 1080 
28591 1081 
28611 1101 
28612 1102 
28614 1104 
28615 1105 
28779 1269 
28780 1270 
28785 1275 
28786 1276 
28788 1278 
28789 1279 
28854 1344 
28855 1345 
28902 1392 
28903 1393 
28908 1398 
28909 1399 
28986 1476 
28987 1477 
28989 1479 
28990 1480 
28992 1482 
28993 1483 
29037 1527 
29038 1528 
29133 1623 
29134 1624 
29139 1629 
29140 1630 
29178 1668 
29179 1669 
29193 1683 
29194 1684 
29214 1704 
29215 1705 
29244 1734 
29245 1735 
29250 1740 
29251 1741 
29268 1758 
29269 1759 
29274 1764 
29275 1765 
29478 1968 
29479 1969 
29526 2016 
29527 2017 
29610 2100 
29611 2101 
29655 2145 
29656 2146 
32382 4872 
32383 4873 
32502 4992 
32503 4993 
32505 4995 
32506 4996 
32751 5241 
32752 5242 
32835 5325 
32836 5326 
32844 5334 
32845 5335 
32973 5463 
32974 5464 
